0
70
141
184
245
247
299
305
318
327
431
525
588
673
675
680
705
790
794
796
799
809
835
838
840
868
883
913
918
935
959
963
1034
1044
1050
1053
1065
1066
1116
1119
1142
1226
1289
1300
1323
1326
1330
1367
1394
1436
1463
1466
1469
1481
1485
1503
1574
1651
1663
1708
1767
1826
1843
1851
1853
1882
1950
1992
2004
2017
2026
2045
2076
2094
2108
2118
2140
2151
2162
2220
2251
2263
2282
2290
2293
2350
2383
2393
2395
2442
2494
2525
2541
2612
2621
2628
2634
2642
2661
2668
2739
2802
2815
2824
2940
3060
3176
3199
3247
3331
3342
3349
3368
3420
3465
3471
3500
3548
3557
3580
3602
3643
3653
3658
3692
3701
3735
3760
3786
3792
3797
3845
3874
3921
3958
3964
3988
3994
4005
4031
4064
4077
4083
4154
4178
4188
4191
4220
4226
4231
4267
4271
4284
4302
4323
4352
4359
4364
4373
4408
4419
4424
4527
4530
4577
4600
4603
4607
4638
4663
4710
4720
4761
4803
4856
4876
4915
4958
5002
5005
5008
5011
5023
5054
5070
5076
5080
5095
5116
5134
5143
5262
5266
5278
5325
5336
5368
5374
5404
5432
5484
5489
5545
5553
5562
5582
5602
5615
5638
5667
5696
5718
5743
5764
5773
5810
5905
6015
6130
6174
6213
6218
6254
6258
6261
6274
6277
6305
6313
6323
6353
6369
6390
6410
6412
6481
6531
6535
6543
6555
6574
6578
6609
6633
6644
6656
6663
6681
6729
6783
6791
6859
6911
6916
6928
6993
7037
7108
7163
7172
7174
7182
7191
7236
7245
7257
7273
7295
7301
7348
7365
7383
7396
7410
7444
7457
7470
7501
7513
7522
7565
7574
7579
7598
7607
7635
7639
7656
7679
7713
7751
7790
7798
7828
7955
7962
7991
7997
8008
8029
8076
8111
8121
8131
8139
8159
8216
8262
8269
8280
8303
8318
8321
8342
8351
8354
8358
8368
8370
8391
8450
8487
8491
8537
8558
8576
8600
8625
8659
8672
8708
8713
8716
8751
8812
8818
8823
8827
8857
8862
8886
8911
8959
8969
8975
9101
9120
9123
9129
9155
9162
9165
9183
9214
9252
9281
9335
9371
9406
9410
9418
9425
9487
9535
9558
9606
9672
9709
9785
9810
9842
9875
9930
9975
9991
10005
10033
10104
10173
10180
10197
10247
10251
10294
10319
10341
10349
10371
10385
10394
10396
10401
10417
10421
10451
10459
10503
10534
10537
10592
10606
10616
10631
10673
10675
10734
10775
10824
10880
10970
11066
11169
11185
11207
11217
11233
11281
11288
11329
11356
11366
11410
11484
11540
11547
11574
11605
11610
11613
11626
11668
11716
11759
11776
11779
11796
11806
11808
11812
11849
11864
11924
11967
11974
12022
12038
12094
12146
12162
12166
12183
12212
12248
12310
12368
12394
12400
12412
12487
12524
12544
12551
12554
12611
12645
12663
12672
12689
12697
12813
12917
13031
13039
13056
13059
13160
13168
13257
13346
13461
13490
13503
13511
13528
13556
13558
13592
13597
13615
13632
13701
13712
13723
13768
13790
13795
13847
13857
13874
13889
13894
13912
13954
13998
14020
14043
14083
14122
14140
14160
14208
14234
14238
14248
14306
14338
14367
14403
14411
14477
14490
14492
14551
14576
14580
14674
14733
14823
14930
15015
15040
15062
15103
15114
15141
15157
15245
15305
15324
15329
15338
15359
15377
15387
15410
15422
15447
15463
15487
15504
15538
15556
15570
15621
15642
15653
15709
15749
15775
15838
15875
15876
15890
15907
15925
15941
15952
15975
15994
16011
16027
16052
16080
16106
16122
16140
16142
16149
16151
16172
16184
16211
16260
16293
16330
16370
16373
16455
16487
16501
16544
16546
16567
16585
16592
16596
16698
16814
16913
16920
16924
16943
16947
16977
16983
16988
17003
17009
17032
17051
17067
17086
17101
17124
17143
17161
17181
17196
17209
17224
17244
17283
17307
17311
17343
17354
17358
17364
17373
17428
17438
17447
17459
17514
17579
17591
17603
17622
17652
17657
17675
17696
17719
17739
17753
17775
17798
17818
17825
17894
17943
17971
18004
18038
18080
18097
18155
18223
18262
18299
18312
18322
18326
18328
18423
18602
18708
18719
18725
18729
18735
18745
18770
18784
18799
18814
18820
18838
18848
18859
18862
18950
19030
19068
19121
19131
19149
19162
19184
19197
19206
19219
19232
19242
19257
19272
19284
19294
19300
19307
19313
19338
19345
19361
19381
19428
19496
19501
19513
19564
19568
19570
19616
19644
19669
19699
19703
19710
19753
19758
19778
19793
19841
19847
19924
19991
20078
20152
20160
20163
20226
20271
20282
20301
20304
20316
20330
20346
20357
20381
20411
20425
20452
20461
20464
20474
20543
20552
20555
20574
20611
20629
20633
20642
20652
20667
20682
20696
20706
20731
20755
20770
20785
20801
20814
20849
20867
20873
20877
20881
20885
20887
20893
20912
20932
20939
20959
20966
21041
21058
21061
21068
21070
21080
21094
21101
21120
21154
21181
21197
21218
21248
21298
21330
21344
21367
21395
21413
21437
21469
21494
21507
21537
21559
21594
21607
21637
21676
21719
21765
21836
21877
21905
21906
21941
21981
21993
21995
22005
22008
22027
22033
22050
22064
22109
22124
22127
22132
22139
22155
22208
22212
22241
22269
22323
22382
22388
22416
22418
22426
22477
22481
22485
22488
22535
22536
22554
22564
22567
22649
22663
22667
22695
22756
22761
22771
22784
22797
22820
22842
22855
22875
22900
22903
22916
22982
22994
23010
23021
23037
23042
23062
23063
23072
23117
23135
23149
23171
23173
23175
23188
23198
23201
23212
23215
23224
23279
23286
23290
23319
23334
23386
23390
23409
23419
23428
23431
23434
23469
23513
23550
23623
23630
23692
23700
23720
23759
23773
23781
23788
23804
23808
23819
23829
23872
23903
23929
24000
24013
24020
24033
24077
24102
24110
24125
24128
24137
24146
24202
24218
24235
24283
24307
24384
24438
24443
24446
24521
24579
24613
24662
24730
24816
24831
24850
24907
24934
24972
25010
25047
25083
25105
25107
25110
25116
25130
25139
25151
25168
25242
25248
25263
25275
25287
25304
25332
25380
25417
25425
25437
25441
25446
25451
25455
25533
25623
25698
25700
25707
25709
25746
25756
25761
25787
25789
25802
25826
25843
25858
25879
25895
25991
26078
26173
26179
26185
26189
26201
26202
26205
26208
26210
26263
26360
26479
26579
26582
26614
26644
26648
26685
26722
26747
26776
26805
26830
26855
26888
26900
26922
26926
26936
27029
27058
27082
27127
27158
27172
27256
27345
27391
27435
27497
27530
27614
27637
27709
27766
27811
27840
27895
27926
27929
27951
27970
28004
28014
28034
28060
28080
28099
28111
28134
28150
28162
28191
28208
28224
28240
28257
28278
28303
28318
28327
28344
28359
28366
28373
28393
28412
28414
28417
28426
28434
28439
28544
28653
28735
28760
28801
28811
28814
28875
28917
28941
28952
28993
28999
29035
29039
29095
29131
29142
29146
29150
29164
29168
29198
29240
29277
29288
29306
29324
29347
29395
29437
29471
29500
29505
29541
29560
29579
29636
29642
29704
29706
29755
29816
29869
29922
29933
29959
29966
29974
29996
30007
30012
30016
30080
30099
30127
30143
30154
30208
30211
30224
30296
30353
30372
30382
30409
30453
30481
30505
30542
30555
30562
30581
30599
30616
30626
30640
30659
30671
30687
30712
30737
30748
30752
30760
30801
30859
30965
31074
31181
31230
31233
31236
31247
31262
31265
31273
31276
31279
31296
31306
31333
31364
31370
31372
31379
31419
31437
31469
31474
31482
31525
31545
31585
31766
31954
31959
31967
31973
32026
32031
32038
32092
32096
32099
32128
32130
32158
32178
32224
32281
32299
32348
32359
32362
32366
32378
32383
32413
32449
32509
32521
32545
32558
32566
32574
32576
32582
32587
32604
32627
32632
32640
32644
32649
32655
32657
32687
32692
32697
32706
32711
32747
32752
32763
32872
32971
33139
33167
33195
33239
33254
33259
33302
33385
33414
33425
33441
33458
33490
33529
33599
33618
33621
33626
33681
33731
33757
33859
33977
34090
34151
34166
34169
34191
34200
34219
34246
34270
34289
34315
34331
34354
34379
34397
34406
34434
34440
34482
34541
34547
34608
34636
34693
34698
34707
34732
34747
34758
34760
34786
34789
34792
34806
34807
34826
34868
34879
34881
34922
34959
34966
34970
35001
35039
35059
35070
35079
35081
35087
35162
35249
35282
35287
35293
35315
35322
35332
35360
35361
35368
35376
35378
35393
35458
35464
35493
35518
35586
35600
35633
35690
35753
35775
35781
35816
35858
35918
35995
36023
36054
36090
36156
36234
36266
36324
36373
36401
36425
36492
36502
36543
36555
36560
36605
36641
36675
36722
36743
36791
36795
36821
36825
36849
36864
36885
36902
36921
36943
36959
36982
36997
37024
37041
37073
37119
37133
37228
37232
37300
37343
37398
37402
37405
37411
37419
37429
37440
37444
37456
37512
37516
37523
37526
37577
37579
37657
37737
37763
37768
37821
37860
37867
37886
37926
37930
37932
37940
37945
37979
38007
38021
38028
38080
38120
38146
38186
38224
38269
38324
38333
38379
38387
38395
38407
38448
38451
38472
38564
38570
38654
38673
38676
38716
38721
38725
38742
38763
38789
38825
38858
38865
38880
38886
38899
38962
38990
39003
39020
39023
39072
39074
39136
39195
39250
39312
39404
39443
39467
39498
39505
39508
39518
39549
39585
39603
39618
39624
39659
39684
39700
39702
39706
39727
39733
39749
39762
39767
39776
39782
39792
39797
39804
39810
39824
39838
39840
39880
39885
39888
39920
39938
39947
39958
39967
39976
40058
40062
40069
40078
40086
40090
40113
40177
40223
40243
40258
40317
40356
40438
40443
40468
40517
40580
40585
40618
40666
40723
40782
40793
40851
40879
40929
40957
40960
40967
40996
41028
41051
41067
41076
41085
41092
41097
41134
41141
41156
41161
41178
41189
41200
41219
41236
41254
41269
41284
41312
41333
41356
41397
41409
41435
41470
41479
41534
41547
41571
41576
41588
41689
41824
41830
41837
41860
41863
41900
41943
41953
41998
42139
42270
42333
42354
42362
42381
42391
42423
42428
42449
42463
42481
42501
42529
42551
42578
42597
42617
42652
42690
42695
42702
42705
42718
42726
42783
42840
42851
42896
42932
42950
42985
43038
43043
43064
43067
43071
43076
43096
43131
43156
43176
43211
43231
43292
43294
43345
43408
43412
43512
43634
43738
43832
44011
44112
44123
44163
44186
44228
44248
44296
44331
44381
44429
44454
44507
44525
44565
44604
44607
44609
44624
44633
44676
44678
44718
44738
44802
44819
44859
44895
44931
44970
44994
45002
45033
45046
45049
45055
45089
45092
45098
45143
45218
45224
45306
45338
45385
45417
45423
45438
45449
45452
45459
45521
45529
45534
45536
45552
45559
45568
45578
45584
45681
45799
45893
45901
45915
45937
45963
45989
46009
46034
46057
46107
46206
46311
46383
46399
46418
46436
46482
46534
46569
46575
46613
46681
46683
46745
46749
46752
46799
46803
46813
46836
46896
46925
46975
46980
47014
47054
47094
47143
47175
47217
47266
47312
47371
47421
47446
47476
47531
47576
47635
47654
47657
47689
47758
47771
47774
47797
47803
47818
47835
47851
47860
47876
47912
47920
47930
47935
47958
47960
47962
48030
48042
48094
48101
48107
48115
48164
48187
48198
48210
48216
48228
48239
48241
48273
48305
48308
48315
48357
48360
48393
48446
48486
48491
48497
48502
48526
48570
48574
48591
48593
48596
48635
48646
48651
48709
48758
48790
48804
48810
48827
48837
48868
48895
48918
48928
48948
48951
48983
49038
49056
49120
49173
49185
49191
49200
49224
49250
49279
49319
49353
49372
49405
49447
49480
49502
49525
49549
49575
49617
49645
49679
49681
49690
49713
49725
49735
49750
49765
49786
49804
49816
49833
49839
49857
49860
49867
49876
49897
49911
49955
49970
49980
49984
50016
50020
50028
50071
50097
50134
50137
50179
50226
50270
50320
50338
50341
50380
50389
50392
50397
50408
50429
50446
50452
50458
50475
50494
50508
50537
50566
50614
50667
50706
50724
50725
50808
50847
50870
50876
50892
50902
50921
50937
50952
50989
51021
51044
51048
51056
51107
51146
51150
51158
51168
51236
51252
51275
51284
51320
51333
51348
51377
51395
51411
51418
51424
51434
51436
51465
51525
51528
51530
51547
51558
51598
51603
51633
51647
51716
51751
51762
51803
51869
51875
51896
51902
51906
51935
51991
52024
52028
52215
52217
52221
52229
52248
52305
52312
52382
52398
52407
52425
52443
52449
52452
52478
52522
52550
52563
52608
52624
52648
52652
52677
52698
52723
52764
52800
52825
52851
52876
52920
52940
52966
52990
53005
53037
53057
53086
53139
53146
53199
53208
53220
53259
53286
53293
53335
53343
53362
53371
53382
53417
53419
53425
53451
53463
53472
53476
53490
53532
53544
53589
53633
53723
53816
53911
53914
53956
53966
53974
53979
54028
54036
54051
54100
54112
54147
54155
54210
54259
54273
54286
54290
54339
54343
54388
54406
54431
54482
54487
54540
54549
54557
54568
54648
54653
54672
54681
54685
54687
54700
54712
54721
54777
54792
54815
54885
54949
54961
54962
54966
55017
55019
55082
55101
55105
55128
55170
55229
55267
55337
55375
55389
55406
55421
55453
55517
55543
55600
55614
55637
55670
55711
55817
55926
56017
56138
56238
56354
56378
56381
56408
56415
56516
56617
56741
56745
56749
56754
56840
56918
57003
57006
57037
57090
57133
57140
57161
57165
57172
57181
57200
57204
57207
57211
57223
57227
57239
57291
57299
57345
57367
57391
57396
57404
57571
57624
57663
57676
57696
57717
57742
57767
57774
57805
57823
57829
57852
57875
57902
57991
58010
58019
58053
58064
58071
58086
58148
58199
58262
58311
58330
58400
58414
58418
58478
58482
58539
58553
58589
58614
58627
58636
58641
58678
58725
58729
58745
58763
58777
58782
58801
58809
58823
58827
58836
58841
58847
58862
58901
58945
58975
59034
59041
59064
59140
59145
59199
59227
59273
59330
59359
59374
59414
59453
59543
59583
59598
59601
59604
59692
59697
59699
59715
59732
59736
59758
59824
59897
59924
59993
60043
60081
60120
60166
60188
60218
60232
60264
60318
60321
60329
60348
60390
60423
60457
60496
60507
60544
60582
60635
60653
60683
60726
60784
60827
60831
60849
60862
60867
60881
60893
60902
60914
60960
60964
60987
60999
61015
61029
61040
61059
61078
61086
61098
61108
61123
61138
61150
61173
61193
61242
61259
61293
61342
61347
61366
61373
61384
61456
61461
61484
61532
61577
61582
61603
61658
61674
61693
61729
61817
61837
61857
61878
61902
61913
61926
61938
61946
61950
61958
61980
61999
62002
62039
62043
62054
62061
62117
62170
62194
62196
62258
62300
62327
62333
62344
62361
62388
62417
62426
62479
62535
62581
62636
62649
62694
62770
62772
62827
62855
62865
62910
62917
62966
62969
63047
63105
63110
63136
63159
63166
63168
63178
63187
63191
63195
63202
63218
63227
63246
63263
63277
63291
63314
63335
63344
63365
63391
63448
63455
63503
63508
63516
63525
63527
63548
63562
63583
63594
63613
63641
63674
63681
63684
63693
63708
63720
63723
63725
63732
63751
63757
63765
63778
63811
63852
63902
63915
63949
63994
64019
64025
64030
64041
64071
64118
64159
64202
64209
64269
64284
64323
64366
64370
64374
64419
64426
64477
64563
64623
64707
64710
64714
64728
64741
64744
64755
64792
64814
64833
64856
64870
64875
64889
64917
64941
64945
65003
65006
65022
65052
65085
65141
65160
65192
65228
65288
65351
65401
65407
65420
65453
65476
65509
65537
65584
65620
65690
65733
65758
65782
65796
65819
65836
65859
65869
65887
65900
65963
65989
66008
66018
66040
66044
66050
66056
66076
66187
66272
66389
66503
66572
66582
66609
66618
66636
66650
66665
66681
66695
66708
66724
66756
66783
66804
66806
66811
66853
66854
66868
66876
66906
66910
66928
66931
66998
67033
67074
67126
67129
67139
67162
67177
67235
67326
67377
67381
67399
67408
67411
67418
67421
67440
67493
67547
67559
67562
67574
67632
67643
67649
67654
67661
67678
67756
67793
67858
67874
67881
67922
68024
68147
68174
68305
68312
68315
68462
68467
68476
68520
68539
68568
68576
68587
68593
68594
68605
68675
68722
68739
68778
68790
68810
68875
68879
68901
68925
68942
68953
68967
68982
68997
69008
69024
69040
69045
69053
69081
69108
69135
69167
69169
69230
69282
69307
69310
69365
69386
69400
69405
69464
69543
69586
69588
69646
69656
69670
69717
69765
69810
69853
69900
69907
69946
69954
69957
69961
69964
69976
69995
70009
70032
70051
70073
70097
70121
70138
70161
70168
70179
70201
70264
70294
70297
70332
70348
70351
70377
70492
70590
70696
70701
70741
70743
70773
70800
70804
70808
70946
71076
71078
71096
71168
71191
71229
71248
71262
71264
71268
71277
71289
71297
71363
71391
71396
71420
71425
71430
71474
71478
71483
71551
71554
71556
71558
71567
71572
71597
71618
71627
71631
71635
71685
71694
71711
71727
71737
71744
71850
71945
72012
72014
72016
72035
72038
72083
72087
72089
72093
72107
72111
72162
72171
72179
72181
72232
72267
72270
72277
72281
72287
72310
72367
72413
72455
72466
72507
72510
72521
72559
72577
72607
72625
72669
72704
72727
72729
72747
72775
72780
72801
72817
72826
72837
72854
72881
72904
72928
72946
73010
73014
73047
73060
73065
73121
73149
73156
73187
73191
73200
73209
73259
73304
73319
73417
73485
73584
73589
73591
73632
73646
73651
73653
73667
73672
73680
73695
73717
73730
73753
73767
73792
73807
73819
73852
73873
73893
73896
73902
73919
73924
73926
73945
74015
74033
74054
74056
74068
74078
74101
74105
74110
74112
74145
74173
74184
74202
74217
74236
74249
74270
74274
74282
74317
74402
74444
74504
74507
74514
74537
74542
74575
74587
74602
74613
74621
74633
74679
74717
74769
74827
74831
74863
74880
74893
74908
74931
74953
74971
74981
74984
75040
75106
75114
