0
291
1171
1615
2392
2629
3353
4512
4658
5462
6470
7161
7369
8204
8442
10126
11209
11588
12740
13677
15207
15782
16446
17026
17736
18010
18699
18990
20241
20246
20256
20264
20272
20275
20284
20296
20305
20310
20316
20321
20328
20333
20344
20350
20354
20361
20367
20373
20399
20407
20411
20424
20429
20442
20448
20453
20457
20473
20480
20489
20496
20503
20509
20528
20540
20548
20555
20559
20579
20585
20590
20598
20608
20612
20624
20626
20633
20640
20644
20646
20655
20662
20669
20678
20686
20692
20703
20709
20729
20747
20753
20764
20773
20784
20794
20810
20817
20824
20831
20835
20842
20853
20863
20869
20878
20884
20893
20899
20932
20938
20941
20948
20956
20964
20973
20987
20995
21015
21034
21047
21053
21064
21071
21093
21095
21101
21109
21114
21123
21139
21158
21163
21170
21176
21180
21189
21191
21207
21214
21244
21249
21269
21278
21284
21287
21292
21299
21310
21316
21346
21356
21369
21379
21385
21389
21395
21407
21409
21412
21416
21422
21428
21434
21443
21447
21455
21459
21466
21476
21485
21493
21502
21507
21513
21523
21527
21529
21542
21563
21566
21572
21576
21579
21592
21599
21609
21621
21639
21647
21652
21661
21682
21688
21701
21708
21711
21718
21721
21738
21756
22048
22344
22608
22617
22627
22638
22657
22672
22674
22685
22695
22708
22720
22742
22760
22767
22775
22799
22811
22823
22857
22887
22897
22913
22937
22960
22978
22998
23004
23012
23021
23030
23040
23056
23062
23069
23078
23088
23094
23103
23119
23141
23168
23360
23374
23972
23974
23979
23989
24006
24018
24030
24037
24055
24068
24075
24096
24135
